1,711c1,711
< 321 1134 1940
< 446 1247 2061
< 581 1351 2184
< 744 1474 2304
< 841 1581 2426
< 927 1702 2536
< 1032 1819 2656
< 386 1146 2067
< 521 1359 2316
< 664 1591 2544
< 941 1825 2770
< 448 1044 1950
< 601 1261 2202
< 752 1484 2428
< 851 1716 2658
< 331 1379 1974
< 527 1494 2085
< 674 1607 2212
< 951 1734 2320
< 1156 1841 2440
< 396 1056 1861
< 611 1267 2106
< 764 1387 2330
< 863 1621 2564
< 458 1166 1746
< 692 1279 1996
< 967 1514 2226
< 349 1182 2006
< 537 1397 2108
< 784 1641 2234
< 880 1764 2346
< 1074 1873 2572
< 416 1299 2122
< 617 1421 2352
< 706 1524 2464
< 979 1651 2584
< 1086 1894 2692
< 482 1196 2014
< 557 1307 2244
< 796 1544 2470
< 883 1786 2706
< 361 1088 1900
< 637 1429 2018
< 718 1671 2136
< 983 1796 2362
< 420 1216 2144
< 496 1329 2256
< 810 1560 2374
< 907 1682 2484
< 1009 1916 2604
< 571 1224 2032
< 649 1451 2262
< 730 1572 2488
< 1114 1804 2726
< 312 921 1466
< 370 1019 1694
< 439 1124 1922
< 818 1337 2154
< 511 1369 1932
< 589 1601 2046
< 684 1722 2166
< 1230 1814 2272
< 772 1289 2284
< 861 1498 2392
< 961 1623 2508
< 1062 1843 2618
< 1168 2048 2746
< 333 627 1754
< 404 716 1962
< 474 1411 2172
< 549 1532 2404
< 804 1198 1867
< 901 1321 2077
< 1001 1439 2288
< 1104 1659 2526
< 501 1239 1980
< 925 1456 2196
< 1026 1556 2301
< 1131 1774 2412
< 364 828 1886
< 429 1344 1978
< 575 1552 2094
< 656 1676 2190
< 740 1770 2416
< 800 1202 1869
< 899 1313 2079
< 999 1441 2294
< 1106 1661 2519
< 339 629 1756
< 406 714 1960
< 468 1407 2176
< 551 1534 2406
< 774 1287 2286
< 855 1504 2396
< 953 1631 2516
< 1066 1851 2626
< 1176 2052 2742
< 503 1371 1936
< 591 1593 2044
< 686 1726 2164
< 1232 1816 2276
< 314 913 1460
< 374 1017 1692
< 435 1126 1918
< 826 1339 2152
< 563 1226 2030
< 651 1445 2266
< 736 1570 2496
< 1116 1800 2718
< 422 1214 2140
< 492 1331 2248
< 816 1566 2372
< 909 1678 2486
< 1011 1912 2606
< 357 1094 1906
< 641 1427 2024
< 720 1665 2134
< 985 1788 2366
< 480 1188 2016
< 555 1309 2246
< 794 1546 2472
< 885 1782 2700
< 414 1297 2126
< 621 1419 2354
< 698 1522 2460
< 975 1649 2586
< 1082 1896 2694
< 343 1178 1999
< 541 1401 2116
< 778 1635 2236
< 872 1766 2344
< 1070 1875 2574
< 462 1165 1744
< 688 1277 1990
< 963 1516 2224
< 392 1050 1855
< 607 1269 2102
< 766 1386 2336
< 871 1617 2566
< 329 1375 1970
< 523 1488 2091
< 672 1611 2216
< 947 1730 2318
< 1154 1839 2444
< 450 1046 1956
< 597 1257 2206
< 748 1486 2434
< 849 1714 2664
< 382 1144 2071
< 519 1361 2314
< 660 1589 2540
< 933 1827 2776
< 320 1133 2058
< 443 1245 2182
< 580 1476 2303
< 746 1580 2424
< 837 1706 2533
< 931 1821 2654
< 1034 1944 2766
< 839 1350 1946
< 1036 1470 2186
< 1243 1704 2418
< 380 1142 2065
< 517 1353 2310
< 666 1585 2538
< 939 1831 2772
< 454 1042 1954
< 599 1255 2200
< 754 1482 2430
< 847 1712 2662
< 323 1377 1976
< 531 1490 2087
< 676 1605 2210
< 949 1736 2324
< 1150 1837 2446
< 388 1054 1857
< 609 1271 2100
< 762 1391 2332
< 869 1619 2560
< 460 1161 1739
< 694 1275 1992
< 969 1508 2218
< 345 1186 2001
< 539 1393 2114
< 782 1633 2232
< 874 1758 2338
< 1068 1881 2570
< 408 1293 2120
< 619 1413 2356
< 702 1526 2466
< 973 1643 2578
< 1080 1890 2696
< 486 1190 2012
< 561 1305 2242
< 788 1542 2468
< 889 1780 2702
< 355 1096 1904
< 639 1431 2020
< 721 1669 2130
< 991 1794 2360
< 424 1212 2146
< 494 1323 2254
< 814 1564 2368
< 903 1684 2478
< 1007 1908 2598
< 567 1220 2028
< 643 1447 2260
< 734 1568 2490
< 1110 1806 2724
< 316 919 1464
< 372 1021 1696
< 441 1118 1920
< 824 1333 2148
< 505 1365 1928
< 587 1595 2042
< 680 1720 2162
< 1234 1812 2274
< 770 1285 2278
< 857 1506 2388
< 957 1629 2514
< 1064 1845 2622
< 1174 2050 2744
< 341 631 1752
< 398 710 1964
< 472 1405 2170
< 547 1528 2402
< 802 1204 1863
< 895 1315 2073
< 997 1433 2296
< 1098 1653 2522
< 431 1129 1986
< 498 1241 2192
< 573 1454 2414
< 653 1554 2528
< 738 1772 2644
< 1023 1883 2761
< 366 1550 2096
< 830 1673 2194
< 923 1776 2299
< 1346 1982 2410
< 806 1206 1865
< 893 1317 2081
< 995 1435 2292
< 1102 1655 2518
< 335 625 1750
< 400 712 1958
< 476 1409 2168
< 545 1530 2400
< 776 1291 2282
< 853 1500 2394
< 955 1625 2512
< 1058 1849 2620
< 1172 2054 2740
< 509 1363 1930
< 585 1597 2040
< 678 1718 2158
< 1236 1808 2270
< 310 915 1458
< 368 1015 1688
< 437 1122 1924
< 820 1335 2150
< 565 1222 2034
< 645 1443 2258
< 732 1574 2494
< 1112 1802 2720
< 426 1208 2138
< 488 1325 2252
< 812 1562 2370
< 911 1686 2480
< 1005 1910 2600
< 359 1090 1902
< 635 1423 2022
< 726 1667 2132
< 989 1790 2358
< 478 1194 2010
< 559 1303 2240
< 792 1540 2476
< 887 1778 2704
< 412 1295 2118
< 615 1415 2350
< 704 1520 2462
< 981 1647 2580
< 1084 1892 2688
< 351 1180 2003
< 533 1399 2112
< 786 1639 2228
< 876 1762 2340
< 1072 1877 2576
< 466 1163 1737
< 696 1273 1994
< 971 1510 2222
< 394 1048 1859
< 605 1265 2098
< 760 1384 2328
< 865 1615 2558
< 325 1373 1972
< 529 1492 2089
< 670 1609 2214
< 943 1728 2326
< 1152 1835 2438
< 456 1040 1952
< 595 1253 2204
< 756 1478 2432
< 845 1708 2666
< 378 1140 2069
< 515 1355 2312
< 658 1587 2542
< 937 1829 2774
< 318 1136 1818
< 743 1251 1942
< 835 1472 2060
< 929 1578 2178
< 1028 1700 2422
< 445 1249 1938
< 578 1348 2180
< 833 1468 2306
< 1030 1698 2420
< 384 1138 1823
< 662 1357 2063
< 935 1583 2308
< 593 1038 1710
< 750 1259 1948
< 843 1480 2198
< 327 1381 1968
< 525 1496 2083
< 668 1603 2208
< 945 1732 2322
< 1148 1833 2442
< 390 1052 1853
< 603 1263 2104
< 758 1389 2334
< 867 1613 2562
< 690 1281 1988
< 965 1512 2220
< 1158 1741 2452
< 347 1184 2004
< 535 1395 2110
< 780 1637 2230
< 878 1760 2342
< 1076 1879 2568
< 613 1301 1888
< 700 1417 2124
< 977 1518 2348
< 1078 1645 2458
< 484 1192 2008
< 553 1311 2238
< 790 1538 2474
< 891 1784 2698
< 633 1425 2026
< 724 1663 2128
< 987 1792 2364
< 1092 1898 2588
< 418 1210 2142
< 490 1327 2250
< 808 1558 2376
< 905 1680 2482
< 1003 1914 2602
< 569 1218 2036
< 647 1449 2264
< 728 1576 2492
< 1108 1798 2722
< 433 1120 1926
< 822 1341 2156
< 917 1462 2378
< 1013 1690 2612
< 507 1367 1934
< 583 1599 2038
< 682 1724 2160
< 1228 1810 2268
< 768 1283 2280
< 859 1502 2390
< 959 1627 2510
< 1060 1847 2624
< 1170 2056 2738
< 402 708 1966
< 470 1403 2174
< 543 1536 2398
< 623 1748 2636
< 798 1200 1871
< 897 1319 2075
< 993 1437 2290
< 1100 1657 2524
< 1548 1984 2408
< 1768 2188 2638
< 427 1127 1983
< 499 1237 2092
< 576 1342 2187
< 654 1452 2297
< 741 1547 2407
< 831 1674 2531
< 926 1767 2637
< 1024 1884 2757
< 797 1199 1870
< 896 1318 2074
< 992 1436 2289
< 1099 1656 2523
< 401 707 1965
< 469 1402 2173
< 542 1535 2397
< 622 1747 2635
< 767 1282 2279
< 858 1501 2389
< 958 1626 2509
< 1059 1846 2623
< 1169 2055 2737
< 506 1366 1933
< 582 1598 2037
< 681 1723 2159
< 1227 1809 2267
< 375 1012 1689
< 432 1119 1925
< 821 1340 2155
< 916 1461 2377
< 568 1217 2035
< 646 1448 2263
< 727 1575 2491
< 1107 1797 2721
< 417 1209 2141
< 489 1326 2249
< 807 1557 2375
< 904 1679 2481
< 1002 1913 2601
< 632 1424 2025
< 723 1662 2127
< 986 1791 2363
< 1091 1897 2587
< 483 1191 2007
< 552 1310 2237
< 789 1537 2473
< 890 1783 2697
< 409 1300 2123
< 612 1416 2347
< 699 1517 2457
< 976 1644 2581
< 1077 1887 2689
< 534 1183 1878
< 779 1394 1997
< 877 1636 2109
< 1075 1759 2229
< 463 1157 1740
< 689 1280 1987
< 964 1511 2219
< 602 1051 1612
< 757 1262 1852
< 866 1388 2103
< 524 1495 2082
< 667 1602 2207
< 944 1731 2321
< 1147 1832 2441
< 1380 1967 2547
< 451 1037 1947
< 592 1258 2197
< 749 1479 2435
< 842 1709 2659
< 512 1137 1822
< 661 1356 2062
< 934 1582 2307
< 577 1347 1937
< 832 1467 2059
< 1029 1577 2179
< 1135 1697 2305
< 1248 1817 2419
< 742 1250 2177
< 834 1471 2421
< 928 1699 2651
< 1027 1941 2763
< 514 1139 1828
< 657 1354 2068
< 936 1586 2311
< 594 1039 1707
< 755 1252 1951
< 844 1477 2203
< 669 1608 2213
< 942 1727 2325
< 1151 1834 2437
< 1372 1971 2551
< 1491 2088 2667
< 604 1047 1614
< 759 1264 1858
< 864 1383 2097
< 695 1272 1993
< 970 1509 2221
< 1162 1742 2453
< 785 1398 2002
< 875 1638 2111
< 1071 1761 2227
< 1179 1876 2339
< 703 1414 2117
< 980 1519 2349
< 1083 1646 2461
< 1294 1891 2579
< 791 1302 2009
< 886 1539 2239
< 1193 1777 2475
< 988 1666 2021
< 1089 1789 2131
< 1422 1901 2357
< 811 1324 2137
< 910 1561 2251
< 1004 1685 2369
< 1207 1909 2479
< 1111 1573 2257
< 1221 1801 2493
< 1442 2033 2719
< 309 1121 1687
< 914 1334 1923
< 1014 1457 2149
< 1235 1717 2039
< 1362 1807 2157
< 1596 1929 2269
< 1057 1624 2393
< 1171 1848 2511
< 1290 2053 2619
< 1499 2281 2739
< 334 1529 1957
< 1408 1749 2167
< 1205 1654 2291
< 1316 1864 2517
< 1434 2080 2753
< 1345 1775 2193
< 1549 1981 2298
< 1672 2095 2409
< 365 1771 2413
< 430 1882 2527
< 1453 1985 2643
< 1553 2191 2760
< 1432 1862 2295
< 1652 2072 2521
< 340 471 1963
< 397 1751 2169
< 1844 2277 2513
< 2049 2387 2621
< 504 1927 2273
< 586 2041 2501
< 1811 2161 2733
< 315 440 2147
< 371 1919 2379
< 566 2027 2489
< 642 2259 2723
< 423 2145 2367
< 493 2253 2477
< 354 638 722
< 485 787 2467
< 560 888 2701
< 407 701 2577
< 618 972 2695
< 344 538 781
< 459 693 968
< 387 761 1053
< 608 868 1270
< 322 675 1149
< 530 948 1376
< 453 753 1041
< 598 846 1254
< 379 938 1584
< 516 1141 1830
< 665 1352 2064
< 442 1132 1703
< 579 1242 1945
< 838 1349 2057
< 1035 1469 2185
< 319 1033 1705
< 745 1244 1820
< 836 1475 1943
< 930 1579 2181
< 381 1143 2070
< 518 1360 2313
< 659 1588 2539
< 932 1826 2775
< 449 1045 1955
< 596 1256 2205
< 747 1485 2433
< 848 1713 2663
< 328 1374 1969
< 522 1487 2090
< 671 1610 2215
< 946 1729 2317
< 1153 1838 2443
< 391 1049 1854
< 606 1268 2101
< 765 1385 2335
< 870 1616 2565
< 461 1164 1743
< 687 1276 1989
< 962 1515 2223
< 342 1177 1998
< 540 1400 2115
< 777 1634 2235
< 881 1765 2343
< 1069 1874 2573
< 413 1296 2125
< 620 1418 2353
< 697 1521 2459
< 974 1648 2585
< 1081 1895 2693
< 479 1187 2015
< 554 1308 2245
< 793 1545 2471
< 884 1781 2699
< 356 1093 1905
< 640 1426 2023
< 719 1664 2133
< 984 1787 2365
< 421 1213 2139
< 491 1330 2247
< 815 1565 2371
< 908 1677 2485
< 1010 1911 2605
< 562 1225 2029
< 650 1444 2265
< 735 1569 2495
< 1115 1799 2717
< 313 912 1459
< 373 1016 1691
< 434 1125 1917
< 825 1338 2151
< 502 1370 1935
< 590 1592 2043
< 685 1725 2163
< 1231 1815 2275
< 773 1286 2285
< 854 1503 2395
< 952 1630 2515
< 1065 1850 2625
< 1175 2051 2741
< 338 628 1755
< 405 713 1959
< 467 1406 2175
< 550 1533 2405
< 799 1201 1868
< 898 1312 2078
< 998 1440 2293
< 1105 1660 2520
< 428 1769 2189
< 655 1885 2415
< 827 1977 2529
< 1551 2093 2641
< 363 1130 1773
< 500 1238 1979
< 574 1343 2195
< 739 1455 2300
< 924 1555 2411
< 1025 1675 2645
< 803 1197 1866
< 900 1320 2076
< 1000 1438 2287
< 1103 1658 2525
< 332 626 1753
< 403 715 1961
< 473 1410 2171
< 548 1531 2403
< 771 1288 2283
< 860 1497 2391
< 960 1622 2507
< 1061 1842 2617
< 1167 2047 2745
< 510 1368 1931
< 588 1600 2045
< 683 1721 2165
< 1229 1813 2271
< 311 920 1465
< 369 1018 1693
< 438 1123 1921
< 817 1336 2153
< 570 1223 2031
< 648 1450 2261
< 729 1571 2487
< 1113 1803 2725
< 419 1215 2143
< 495 1328 2255
< 809 1559 2373
< 906 1681 2483
< 1008 1915 2603
< 360 1087 1899
< 636 1428 2017
< 717 1670 2135
< 982 1795 2361
< 481 1195 2013
< 556 1306 2243
< 795 1543 2469
< 882 1785 2705
< 415 1298 2121
< 616 1420 2351
< 705 1523 2463
< 978 1650 2583
< 1085 1893 2691
< 348 1181 2005
< 536 1396 2107
< 783 1640 2233
< 879 1763 2345
< 1073 1872 2571
< 457 1159 1745
< 691 1278 1995
< 966 1513 2225
< 395 1055 1860
< 610 1266 2105
< 763 1382 2329
< 862 1620 2563
< 330 1378 1973
< 526 1493 2084
< 673 1606 2211
< 950 1733 2319
< 1155 1840 2439
< 447 1043 1949
< 600 1260 2201
< 751 1483 2427
< 850 1715 2657
< 385 1145 2066
< 520 1358 2315
< 663 1590 2543
< 940 1824 2769
---
> 321 1134 1940  
> 446 1247 2061  
> 581 1351 2184  
> 744 1474 2304  
> 841 1581 2426  
> 927 1702 2536  
> 1032 1819 2656  
> 386 1146 2067  
> 521 1359 2316  
> 664 1591 2544  
> 941 1825 2770  
> 448 1044 1950  
> 601 1261 2202  
> 752 1484 2428  
> 851 1716 2658  
> 331 1379 1974  
> 527 1494 2085  
> 674 1607 2212  
> 951 1734 2320  
> 1156 1841 2440  
> 396 1056 1861  
> 611 1267 2106  
> 764 1387 2330  
> 863 1621 2564  
> 458 1166 1746  
> 692 1279 1996  
> 967 1514 2226  
> 349 1182 2006  
> 537 1397 2108  
> 784 1641 2234  
> 880 1764 2346  
> 1074 1873 2572  
> 416 1299 2122  
> 617 1421 2352  
> 706 1524 2464  
> 979 1651 2584  
> 1086 1894 2692  
> 482 1196 2014  
> 557 1307 2244  
> 796 1544 2470  
> 883 1786 2706  
> 361 1088 1900  
> 637 1429 2018  
> 718 1671 2136  
> 983 1796 2362  
> 420 1216 2144  
> 496 1329 2256  
> 810 1560 2374  
> 907 1682 2484  
> 1009 1916 2604  
> 571 1224 2032  
> 649 1451 2262  
> 730 1572 2488  
> 1114 1804 2726  
> 312 921 1466  
> 370 1019 1694  
> 439 1124 1922  
> 818 1337 2154  
> 511 1369 1932  
> 589 1601 2046  
> 684 1722 2166  
> 1230 1814 2272  
> 772 1289 2284  
> 861 1498 2392  
> 961 1623 2508  
> 1062 1843 2618  
> 1168 2048 2746  
> 333 627 1754  
> 404 716 1962  
> 474 1411 2172  
> 549 1532 2404  
> 804 1198 1867  
> 901 1321 2077  
> 1001 1439 2288  
> 1104 1659 2526  
> 501 1239 1980  
> 925 1456 2196  
> 1026 1556 2301  
> 1131 1774 2412  
> 364 828 1886  
> 429 1344 1978  
> 575 1552 2094  
> 656 1676 2190  
> 740 1770 2416  
> 800 1202 1869  
> 899 1313 2079  
> 999 1441 2294  
> 1106 1661 2519  
> 339 629 1756  
> 406 714 1960  
> 468 1407 2176  
> 551 1534 2406  
> 774 1287 2286  
> 855 1504 2396  
> 953 1631 2516  
> 1066 1851 2626  
> 1176 2052 2742  
> 503 1371 1936  
> 591 1593 2044  
> 686 1726 2164  
> 1232 1816 2276  
> 314 913 1460  
> 374 1017 1692  
> 435 1126 1918  
> 826 1339 2152  
> 563 1226 2030  
> 651 1445 2266  
> 736 1570 2496  
> 1116 1800 2718  
> 422 1214 2140  
> 492 1331 2248  
> 816 1566 2372  
> 909 1678 2486  
> 1011 1912 2606  
> 357 1094 1906  
> 641 1427 2024  
> 720 1665 2134  
> 985 1788 2366  
> 480 1188 2016  
> 555 1309 2246  
> 794 1546 2472  
> 885 1782 2700  
> 414 1297 2126  
> 621 1419 2354  
> 698 1522 2460  
> 975 1649 2586  
> 1082 1896 2694  
> 343 1178 1999  
> 541 1401 2116  
> 778 1635 2236  
> 872 1766 2344  
> 1070 1875 2574  
> 462 1165 1744  
> 688 1277 1990  
> 963 1516 2224  
> 392 1050 1855  
> 607 1269 2102  
> 766 1386 2336  
> 871 1617 2566  
> 329 1375 1970  
> 523 1488 2091  
> 672 1611 2216  
> 947 1730 2318  
> 1154 1839 2444  
> 450 1046 1956  
> 597 1257 2206  
> 748 1486 2434  
> 849 1714 2664  
> 382 1144 2071  
> 519 1361 2314  
> 660 1589 2540  
> 933 1827 2776  
> 320 1133 2058  
> 443 1245 2182  
> 580 1476 2303  
> 746 1580 2424  
> 837 1706 2533  
> 931 1821 2654  
> 1034 1944 2766  
> 839 1350 1946  
> 1036 1470 2186  
> 1243 1704 2418  
> 380 1142 2065  
> 517 1353 2310  
> 666 1585 2538  
> 939 1831 2772  
> 454 1042 1954  
> 599 1255 2200  
> 754 1482 2430  
> 847 1712 2662  
> 323 1377 1976  
> 531 1490 2087  
> 676 1605 2210  
> 949 1736 2324  
> 1150 1837 2446  
> 388 1054 1857  
> 609 1271 2100  
> 762 1391 2332  
> 869 1619 2560  
> 460 1161 1739  
> 694 1275 1992  
> 969 1508 2218  
> 345 1186 2001  
> 539 1393 2114  
> 782 1633 2232  
> 874 1758 2338  
> 1068 1881 2570  
> 408 1293 2120  
> 619 1413 2356  
> 702 1526 2466  
> 973 1643 2578  
> 1080 1890 2696  
> 486 1190 2012  
> 561 1305 2242  
> 788 1542 2468  
> 889 1780 2702  
> 355 1096 1904  
> 639 1431 2020  
> 721 1669 2130  
> 991 1794 2360  
> 424 1212 2146  
> 494 1323 2254  
> 814 1564 2368  
> 903 1684 2478  
> 1007 1908 2598  
> 567 1220 2028  
> 643 1447 2260  
> 734 1568 2490  
> 1110 1806 2724  
> 316 919 1464  
> 372 1021 1696  
> 441 1118 1920  
> 824 1333 2148  
> 505 1365 1928  
> 587 1595 2042  
> 680 1720 2162  
> 1234 1812 2274  
> 770 1285 2278  
> 857 1506 2388  
> 957 1629 2514  
> 1064 1845 2622  
> 1174 2050 2744  
> 341 631 1752  
> 398 710 1964  
> 472 1405 2170  
> 547 1528 2402  
> 802 1204 1863  
> 895 1315 2073  
> 997 1433 2296  
> 1098 1653 2522  
> 431 1129 1986  
> 498 1241 2192  
> 573 1454 2414  
> 653 1554 2528  
> 738 1772 2644  
> 1023 1883 2761  
> 366 1550 2096  
> 830 1673 2194  
> 923 1776 2299  
> 1346 1982 2410  
> 806 1206 1865  
> 893 1317 2081  
> 995 1435 2292  
> 1102 1655 2518  
> 335 625 1750  
> 400 712 1958  
> 476 1409 2168  
> 545 1530 2400  
> 776 1291 2282  
> 853 1500 2394  
> 955 1625 2512  
> 1058 1849 2620  
> 1172 2054 2740  
> 509 1363 1930  
> 585 1597 2040  
> 678 1718 2158  
> 1236 1808 2270  
> 310 915 1458  
> 368 1015 1688  
> 437 1122 1924  
> 820 1335 2150  
> 565 1222 2034  
> 645 1443 2258  
> 732 1574 2494  
> 1112 1802 2720  
> 426 1208 2138  
> 488 1325 2252  
> 812 1562 2370  
> 911 1686 2480  
> 1005 1910 2600  
> 359 1090 1902  
> 635 1423 2022  
> 726 1667 2132  
> 989 1790 2358  
> 478 1194 2010  
> 559 1303 2240  
> 792 1540 2476  
> 887 1778 2704  
> 412 1295 2118  
> 615 1415 2350  
> 704 1520 2462  
> 981 1647 2580  
> 1084 1892 2688  
> 351 1180 2003  
> 533 1399 2112  
> 786 1639 2228  
> 876 1762 2340  
> 1072 1877 2576  
> 466 1163 1737  
> 696 1273 1994  
> 971 1510 2222  
> 394 1048 1859  
> 605 1265 2098  
> 760 1384 2328  
> 865 1615 2558  
> 325 1373 1972  
> 529 1492 2089  
> 670 1609 2214  
> 943 1728 2326  
> 1152 1835 2438  
> 456 1040 1952  
> 595 1253 2204  
> 756 1478 2432  
> 845 1708 2666  
> 378 1140 2069  
> 515 1355 2312  
> 658 1587 2542  
> 937 1829 2774  
> 318 1136 1818  
> 743 1251 1942  
> 835 1472 2060  
> 929 1578 2178  
> 1028 1700 2422  
> 445 1249 1938  
> 578 1348 2180  
> 833 1468 2306  
> 1030 1698 2420  
> 384 1138 1823  
> 662 1357 2063  
> 935 1583 2308  
> 593 1038 1710  
> 750 1259 1948  
> 843 1480 2198  
> 327 1381 1968  
> 525 1496 2083  
> 668 1603 2208  
> 945 1732 2322  
> 1148 1833 2442  
> 390 1052 1853  
> 603 1263 2104  
> 758 1389 2334  
> 867 1613 2562  
> 690 1281 1988  
> 965 1512 2220  
> 1158 1741 2452  
> 347 1184 2004  
> 535 1395 2110  
> 780 1637 2230  
> 878 1760 2342  
> 1076 1879 2568  
> 613 1301 1888  
> 700 1417 2124  
> 977 1518 2348  
> 1078 1645 2458  
> 484 1192 2008  
> 553 1311 2238  
> 790 1538 2474  
> 891 1784 2698  
> 633 1425 2026  
> 724 1663 2128  
> 987 1792 2364  
> 1092 1898 2588  
> 418 1210 2142  
> 490 1327 2250  
> 808 1558 2376  
> 905 1680 2482  
> 1003 1914 2602  
> 569 1218 2036  
> 647 1449 2264  
> 728 1576 2492  
> 1108 1798 2722  
> 433 1120 1926  
> 822 1341 2156  
> 917 1462 2378  
> 1013 1690 2612  
> 507 1367 1934  
> 583 1599 2038  
> 682 1724 2160  
> 1228 1810 2268  
> 768 1283 2280  
> 859 1502 2390  
> 959 1627 2510  
> 1060 1847 2624  
> 1170 2056 2738  
> 402 708 1966  
> 470 1403 2174  
> 543 1536 2398  
> 623 1748 2636  
> 798 1200 1871  
> 897 1319 2075  
> 993 1437 2290  
> 1100 1657 2524  
> 1548 1984 2408  
> 1768 2188 2638  
> 427 1127 1983  
> 499 1237 2092  
> 576 1342 2187  
> 654 1452 2297  
> 741 1547 2407  
> 831 1674 2531  
> 926 1767 2637  
> 1024 1884 2757  
> 797 1199 1870  
> 896 1318 2074  
> 992 1436 2289  
> 1099 1656 2523  
> 401 707 1965  
> 469 1402 2173  
> 542 1535 2397  
> 622 1747 2635  
> 767 1282 2279  
> 858 1501 2389  
> 958 1626 2509  
> 1059 1846 2623  
> 1169 2055 2737  
> 506 1366 1933  
> 582 1598 2037  
> 681 1723 2159  
> 1227 1809 2267  
> 375 1012 1689  
> 432 1119 1925  
> 821 1340 2155  
> 916 1461 2377  
> 568 1217 2035  
> 646 1448 2263  
> 727 1575 2491  
> 1107 1797 2721  
> 417 1209 2141  
> 489 1326 2249  
> 807 1557 2375  
> 904 1679 2481  
> 1002 1913 2601  
> 632 1424 2025  
> 723 1662 2127  
> 986 1791 2363  
> 1091 1897 2587  
> 483 1191 2007  
> 552 1310 2237  
> 789 1537 2473  
> 890 1783 2697  
> 409 1300 2123  
> 612 1416 2347  
> 699 1517 2457  
> 976 1644 2581  
> 1077 1887 2689  
> 534 1183 1878  
> 779 1394 1997  
> 877 1636 2109  
> 1075 1759 2229  
> 463 1157 1740  
> 689 1280 1987  
> 964 1511 2219  
> 602 1051 1612  
> 757 1262 1852  
> 866 1388 2103  
> 524 1495 2082  
> 667 1602 2207  
> 944 1731 2321  
> 1147 1832 2441  
> 1380 1967 2547  
> 451 1037 1947  
> 592 1258 2197  
> 749 1479 2435  
> 842 1709 2659  
> 512 1137 1822  
> 661 1356 2062  
> 934 1582 2307  
> 577 1347 1937  
> 832 1467 2059  
> 1029 1577 2179  
> 1135 1697 2305  
> 1248 1817 2419  
> 742 1250 2177  
> 834 1471 2421  
> 928 1699 2651  
> 1027 1941 2763  
> 514 1139 1828  
> 657 1354 2068  
> 936 1586 2311  
> 594 1039 1707  
> 755 1252 1951  
> 844 1477 2203  
> 669 1608 2213  
> 942 1727 2325  
> 1151 1834 2437  
> 1372 1971 2551  
> 1491 2088 2667  
> 604 1047 1614  
> 759 1264 1858  
> 864 1383 2097  
> 695 1272 1993  
> 970 1509 2221  
> 1162 1742 2453  
> 785 1398 2002  
> 875 1638 2111  
> 1071 1761 2227  
> 1179 1876 2339  
> 703 1414 2117  
> 980 1519 2349  
> 1083 1646 2461  
> 1294 1891 2579  
> 791 1302 2009  
> 886 1539 2239  
> 1193 1777 2475  
> 988 1666 2021  
> 1089 1789 2131  
> 1422 1901 2357  
> 811 1324 2137  
> 910 1561 2251  
> 1004 1685 2369  
> 1207 1909 2479  
> 1111 1573 2257  
> 1221 1801 2493  
> 1442 2033 2719  
> 309 1121 1687  
> 914 1334 1923  
> 1014 1457 2149  
> 1235 1717 2039  
> 1362 1807 2157  
> 1596 1929 2269  
> 1057 1624 2393  
> 1171 1848 2511  
> 1290 2053 2619  
> 1499 2281 2739  
> 334 1529 1957  
> 1408 1749 2167  
> 1205 1654 2291  
> 1316 1864 2517  
> 1434 2080 2753  
> 1345 1775 2193  
> 1549 1981 2298  
> 1672 2095 2409  
> 365 1771 2413  
> 430 1882 2527  
> 1453 1985 2643  
> 1553 2191 2760  
> 1432 1862 2295  
> 1652 2072 2521  
> 340 471 1963  
> 397 1751 2169  
> 1844 2277 2513  
> 2049 2387 2621  
> 504 1927 2273  
> 586 2041 2501  
> 1811 2161 2733  
> 315 440 2147  
> 371 1919 2379  
> 566 2027 2489  
> 642 2259 2723  
> 423 2145 2367  
> 493 2253 2477  
> 354 638 722  
> 485 787 2467  
> 560 888 2701  
> 407 701 2577  
> 618 972 2695  
> 344 538 781  
> 459 693 968  
> 387 761 1053  
> 608 868 1270  
> 322 675 1149  
> 530 948 1376  
> 453 753 1041  
> 598 846 1254  
> 379 938 1584  
> 516 1141 1830  
> 665 1352 2064  
> 442 1132 1703  
> 579 1242 1945  
> 838 1349 2057  
> 1035 1469 2185  
> 319 1033 1705  
> 745 1244 1820  
> 836 1475 1943  
> 930 1579 2181  
> 381 1143 2070  
> 518 1360 2313  
> 659 1588 2539  
> 932 1826 2775  
> 449 1045 1955  
> 596 1256 2205  
> 747 1485 2433  
> 848 1713 2663  
> 328 1374 1969  
> 522 1487 2090  
> 671 1610 2215  
> 946 1729 2317  
> 1153 1838 2443  
> 391 1049 1854  
> 606 1268 2101  
> 765 1385 2335  
> 870 1616 2565  
> 461 1164 1743  
> 687 1276 1989  
> 962 1515 2223  
> 342 1177 1998  
> 540 1400 2115  
> 777 1634 2235  
> 881 1765 2343  
> 1069 1874 2573  
> 413 1296 2125  
> 620 1418 2353  
> 697 1521 2459  
> 974 1648 2585  
> 1081 1895 2693  
> 479 1187 2015  
> 554 1308 2245  
> 793 1545 2471  
> 884 1781 2699  
> 356 1093 1905  
> 640 1426 2023  
> 719 1664 2133  
> 984 1787 2365  
> 421 1213 2139  
> 491 1330 2247  
> 815 1565 2371  
> 908 1677 2485  
> 1010 1911 2605  
> 562 1225 2029  
> 650 1444 2265  
> 735 1569 2495  
> 1115 1799 2717  
> 313 912 1459  
> 373 1016 1691  
> 434 1125 1917  
> 825 1338 2151  
> 502 1370 1935  
> 590 1592 2043  
> 685 1725 2163  
> 1231 1815 2275  
> 773 1286 2285  
> 854 1503 2395  
> 952 1630 2515  
> 1065 1850 2625  
> 1175 2051 2741  
> 338 628 1755  
> 405 713 1959  
> 467 1406 2175  
> 550 1533 2405  
> 799 1201 1868  
> 898 1312 2078  
> 998 1440 2293  
> 1105 1660 2520  
> 428 1769 2189  
> 655 1885 2415  
> 827 1977 2529  
> 1551 2093 2641  
> 363 1130 1773  
> 500 1238 1979  
> 574 1343 2195  
> 739 1455 2300  
> 924 1555 2411  
> 1025 1675 2645  
> 803 1197 1866  
> 900 1320 2076  
> 1000 1438 2287  
> 1103 1658 2525  
> 332 626 1753  
> 403 715 1961  
> 473 1410 2171  
> 548 1531 2403  
> 771 1288 2283  
> 860 1497 2391  
> 960 1622 2507  
> 1061 1842 2617  
> 1167 2047 2745  
> 510 1368 1931  
> 588 1600 2045  
> 683 1721 2165  
> 1229 1813 2271  
> 311 920 1465  
> 369 1018 1693  
> 438 1123 1921  
> 817 1336 2153  
> 570 1223 2031  
> 648 1450 2261  
> 729 1571 2487  
> 1113 1803 2725  
> 419 1215 2143  
> 495 1328 2255  
> 809 1559 2373  
> 906 1681 2483  
> 1008 1915 2603  
> 360 1087 1899  
> 636 1428 2017  
> 717 1670 2135  
> 982 1795 2361  
> 481 1195 2013  
> 556 1306 2243  
> 795 1543 2469  
> 882 1785 2705  
> 415 1298 2121  
> 616 1420 2351  
> 705 1523 2463  
> 978 1650 2583  
> 1085 1893 2691  
> 348 1181 2005  
> 536 1396 2107  
> 783 1640 2233  
> 879 1763 2345  
> 1073 1872 2571  
> 457 1159 1745  
> 691 1278 1995  
> 966 1513 2225  
> 395 1055 1860  
> 610 1266 2105  
> 763 1382 2329  
> 862 1620 2563  
> 330 1378 1973  
> 526 1493 2084  
> 673 1606 2211  
> 950 1733 2319  
> 1155 1840 2439  
> 447 1043 1949  
> 600 1260 2201  
> 751 1483 2427  
> 850 1715 2657  
> 385 1145 2066  
> 520 1358 2315  
> 663 1590 2543  
> 940 1824 2769  
